Mice:
M65Pro RGB  : 0e 01 00 00 01 01 00 01 06 02 04 00 1c 1b 2e 1b 01 01 01 30 c1 ff 40 01 56 00 01 01 00 00 00 00 00 00 00 00 01 00 00 01 00 00 02 01 00 01 aa 00 6c dc 02 <zeroes>
M65Pro RGB  : 0e 01 00 00 01 01 00 01 06 02 04 00 1c 1b 2e 1b 01 01 01 30 c1 ff 40 01 56 00 01 01 00 00 00 00 00 00 00 00 01 00 00 01 00 00 00 01 00 01 aa 00 6c dc 02 <zeroes>
M65Pro RGB  : 0e 01 00 00 01 01 00 01 01 03 04 00 1c 1b 2e 1b 01 01 01 30 c1 ff 40 01 56 00 01 01 00 00 00 00 00 00 00 00 01 00 00 01 00 00 02 01 00 01 aa 00 6c dc 02 <zeroes>
Glaive RGB  : 0e 01 00 00 01 01 00 01 03 01 10 00 1c 1b 34 1b 01 01 01 30 c1 ff 40 01 46 00 01 01 00 00 00 00 00 00 00 00 01 00 00 01 00 00 00 01 02 01 aa 00 6c dc 02 00 70 17 70 17 ff ff 00 02 28 23 28
Glaive RGB  : 0e 01 00 00 01 01 00 01 00 03 10 00 1c 1b 34 1b 01 01 01 30 c1 ff 40 01 46 00 01 01 00 00 00 00 00 00 00 00 01 00 00 01 00 00 02 01 02 01 aa 00 6c dc 02 00 00 00 00 00 00 00 00 00 00 00 00 00
Glaive RGB  : 0e 01 00 00 01 01 00 01 04 01 10 00 1c 1b 34 1b 01 01 01 30 c1 ff 40 01 46 00 01 01 00 00 00 00 00 00 00 00 01 00 00 01 00 00 02 01 00 01 aa 00 6c dc 02 00 00 00 00 00 00 00 00 00 00 00 00 00
ScimitarRGB : 0e 01 00 00 01 01 00 01 04 02 02 00 1c 1b 1e 1b 01 01 01 30 c1 ff 40 03 5e 00 01 00 00 00 00 00 00 00 00 00 00 00 00 01 00 00 02 01 00 01 00 00 6c dc 02 00 00 00 00 00 00 00 00 00 00 00 00 00
ScimProRGB  : 0e 01 00 00 01 01 00 01 10 01 01 01 1c 1b 3e 1b 01 01 01 30 c1 ff 40 01 46 00 01 01 00 00 00 00 00 00 00 00 01 00 00 01 00 00 02 01 01 01 aa 00 6c dc 02 00 00 00 00 00 00 00 00 00 00 00 00 00
M65 RGB     : 0e 01 00 00 01 01 00 01 00 03 23 00 1c 1b 12 1b 01 01 01 05 c1 ff 40 03 15 00 01 01 00 00 01 01 00 01 00 00 00 00 00 00 00 00 00 00 00 00 00 00 00 00 00 00 00 00 00 00 00 00 00 00 00 00 00 00
DarkCoreRGB : 0e 01 00 00 01 01 00 01 33 00 01 03 1c 1b 35 1b 01 01 00 00 c1 ff 40 00 00 00 00 00 00 00 00 00 00 00 00 00 00 00 00 01 00 00 00 00 02 00 aa 00 00 00 00 00 00 00 00 00 00 00 00 00 00 00 00 00

Keyboards:
K70 RGB     : 0e 01 00 00 00 01 00 01 05 02 12 00 1c 1b 13 1b 01 01 01 06 c0 ff 40 00 03 00 00 00 02 04 00 00 <zeroes>
K70 RGB     : 0e 01 00 00 01 01 00 01 04 02 11 00 1c 1b 13 1b 01 01 01 05 c0 ff 40 00 03 00 00 00 02 04 01 00 <zeroes>
K70 RGB RF  : 0e 01 00 00 01 01 00 01 04 02 14 00 1c 1b 38 1b 01 01 01 05 c0 ff 40 00 03 00 00 00 02 44 02 02 <zeroes>
K70 RGB LUX : 0e 01 00 00 01 01 00 01 05 02 14 00 1c 1b 33 1b 01 01 01 06 c0 ff 40 00 03 00 00 00 02 44 00 02 <zeroes>
K70 RGB LUX : 0e 01 00 00 01 01 00 01 05 02 14 00 1c 1b 33 1b 01 01 01 06 c0 ff 40 00 03 00 00 00 02 04 00 02 <zeroes>
Strafe NRGB : 0e 01 00 00 01 01 00 01 05 02 14 00 1c 1b 15 1b 01 01 01 08 c0 ff 40 01 02 00 00 00 02 44 01 00 <zeroes>
Strafe RGB  : 0e 01 00 00 01 01 00 01 05 02 14 00 1c 1b 20 1b 01 01 01 08 c0 ff 40 00 03 00 00 00 02 04 01 02 <zeroes>
Strafe RGB  : 0e 01 00 00 01 01 00 01 05 03 14 00 1c 1b 20 1b 01 01 01 08 c0 ff 40 00 03 00 00 00 02 04 01 02 <zeroes>
Strafe MK2  : 0e 01 00 00 01 01 00 01 06 01 01 00 1c 1b 48 1b 01 01 00 01 c0 ff 40 01 03 00 00 00 02 00 01 02 <zeroes>
K95 Plat    : 0e 01 00 00 01 01 00 01 07 01 04 00 1c 1b 2d 1b 01 01 00 00 c0 ff 40 00 03 00 00 00 00 00 00 00 <zeroes>
K95 Plat    : 0e 01 00 00 01 01 00 01 07 01 04 00 1c 1b 2d 1b 01 01 00 00 c0 ff 40 00 03 00 00 00 02 00 02 02 <zeroes>
K95 Plat    : 0e 01 00 00 01 01 00 01 08 03 04 00 1c 1b 2d 1b 01 01 00 00 c0 ff 40 00 03 00 00 00 02 00 03 00 <zeroes>
K95 RGB     : 0e 01 00 00 01 01 00 01 05 02 11 00 1c 1b 11 1b 01 01 03 06 c0 ff 40 01 03 00 00 00 02 44 00 00 <zeroes>
K55 RGB     : 0e 01 00 00 01 01 00 01 06 30 02 00 1c 1b 3d 1b 01 01 01 30 c0 ff 40 00 03 00 00 00 01 00 00 00 <zeroes>
K68 NRGB    : 0e 01 00 00 01 01 00 01 00 01 14 00 1c 1b 3f 1b 01 01 01 00 c0 ff 40 02 03 00 00 00 02 44 ff 00 <zeroes>
K68 RGB     : 0e 01 00 00 01 01 00 01 02 01 01 00 1c 1b 4f 1b 01 01 00 00 c0 ff 40 00 03 00 00 00 02 00 03 02 <zeroes>
K65 RGB     : 0e 01 00 00 01 01 00 01 05 02 11 00 1c 1b 17 1b 01 01 01 06 c0 ff 40 03 03 00 00 00 02 04 00 00 <zeroes>
K70 RGB MK2 : 0e 01 00 00 01 01 00 01 12 03 00 03 1c 1b 49 1b 01 01 00 01 c0 ff 40 01 03 00 00 00 02 00 00 02 <zeroes>
K66         : 0e 01 00 00 01 01 00 01 01 01 14 00 1c 1b 41 1b 01 01 01 00 c0 ff 40 01 03 00 00 00 00 00 02 04 ff 00 00 <zeroes>

Mousepads:
Polaris RGB : 0e 01 00 00 00 01 00 00 02 01 03 00 1c 1b 3b 1b 08 00 00 00 c2 ff 40 00 00 00 00 00 00 00 00 00 <zeroes>
